
(character (value あ)(width 300)(height 300)(strokes((44 97)(154 78))((105 36)(103 145)(130 229)(135 236)(138 244))((148 127)(148 178)(128 226)(122 232)(107 239)(91 240)(75 234)(69 228)(70 220)(106 170)(136 148)(185 131)(202 133)(225 145)(231 152)(234 160)(235 176)(219 214)(199 231)))
(character (value い)(width 300)(height 300)(strokes((56 84)(56 145)(76 196)(132 242)(138 235)(140 227))((187 70)(201 81)(221 110)(229 142)))
(character (value う)(width 300)(height 300)(strokes((112 46)(183 74))((108 102)(146 87)(154 87)(177 97)(183 103)(191 118)(190 182)(176 214)(129 267)))
(character (value え)(width 300)(height 300)(strokes((106 36)(160 64))((74 120)(121 94)(137 91)(145 94)(151 100)(155 107)(156 115)(94 230)(124 185)(137 174)(145 170)(153 171)(159 177)(178 223)(186 224)(194 221)(234 175)))
(character (value お)(width 300)(height 300)(strokes((64 89)(115 97)(165 82))((111 56)(119 68)(126 161)(118 210)(110 224)(103 229)(95 232)(88 228)(86 211)(98 178)(131 147)(161 131)(203 127)(227 137)(239 149)(243 197)(240 205)(234 212)(219 223)(203 229)(187 230))((200 63)(228 81)))
(character (value か)(width 300)(height 300)(strokes((70 114)(198 110)(206 113)(212 119)(216 152)(178 237)(170 242)(163 238)(151 224))((143 58)(137 123)(90 224))((199 67)(227 83)))
(character (value き)(width 300)(height 300)(strokes((85 88)(124 89)(195 71))((110 129)(209 108)(216 103))((108 47)(179 163)(171 165)(138 162))((91 190)(81 202)(79 210)(80 219)(84 226)(98 237)(129 248)(195 248)(203 245)))
(character (value く)(width 300)(height 300)(strokes((192 53)(185 57)(103 153)(112 168)(182 236)))
(character (value け)(width 300)(height 300)(strokes((77 54)(71 184)(75 201)(93 237)(102 238)(119 220))((137 108)(158 116)(245 112))((192 46)(200 175)(175 246)))
(character (value こ)(width 300)(height 300)(strokes((102 85)(126 75)(191 83)(206 91)(210 98)(205 106)(196 110))((112 196)(114 208)(137 220)(218 212)))
(character (value さ)(width 300)(height 300)(strokes((92 98)(205 87))((120 43)(189 153))((118 174)(93 187)(82 200)(80 209)(81 217)(88 225)(105 235)(187 242)))
(character (value し)(width 300)(height 300)(strokes((114 63)(119 211)(123 219)(136 230)(154 232)(172 228)(202 207)(219 187)))
(character (value す)(width 300)(height 300)(strokes((65 96)(226 97))((159 58)(161 143)(156 159)(151 167)(144 172)(138 165)(135 157)(135 148)(139 141)(145 135)(152 131)(158 138)(159 146)(129 236)))
(character (value せ)(width 300)(height 300)(strokes((61 123)(247 106))((195 58)(193 158)(186 173)(179 180)(152 188))((113 70)(122 200)(126 208)(141 221)(159 225)(197 221)))
(character (value そ)(width 300)(height 300)(strokes((78 78)(186 76)(180 82)(61 142)(69 144)(225 129)(149 153)(136 168)(132 176)(131 184)(132 192)(139 207)(166 223)))
(character (value た)(width 300)(height 300)(strokes((55 103)(111 109)(185 99))((127 58)(122 112)(76 230))((160 133)(186 129)(204 131)(228 141))((142 202)(148 208)(181 221)(226 218)))
(character (value ち)(width 300)(height 300)(strokes((80 97)(189 92))((146 49)(96 165)(127 146)(168 139)(192 146)(206 156)(217 170)(223 186)(224 194)(219 201)(204 210)(170 221)(137 223)))
(character (value つ)(width 300)(height 300)(strokes((71 130)(188 102)(205 107)(219 118)(230 133)(232 141)(232 158)(229 166)(218 180)(203 190)(166 199)(140 194)))
(character (value て)(width 300)(height 300)(strokes((73 116)(83 117)(219 88)(138 130)(128 145)(122 162)(126 198)(151 224)(167 230)))
(character (value と)(width 300)(height 300)(strokes((79 78)(87 80)(121 129))((201 76)(149 106)(99 157)(90 182)(91 198)(94 206)(100 212)(122 224)(138 228)(215 220)))
(character (value な)(width 300)(height 300)(strokes((74 102)(185 95))((142 54)(134 118)(100 183)(88 196))((213 92)(225 120))((194 130)(187 191)(179 207)(164 218)(148 221)(140 218)(139 210)(142 202)(147 195)(163 190)(171 190)(222 221)))
(character (value に)(width 300)(height 300)(strokes((90 55)(72 109)(71 148)(90 212)(98 210)(112 199))((165 72)(197 69)(229 84))((164 191)(180 198)(196 199)(238 187)))
(character (value ぬ)(width 300)(height 300)(strokes((64 87)(66 151)(84 194)(98 211)(119 224))((143 61)(143 132)(118 205)(112 212)(77 218)(65 203)(66 175)(73 157)(97 128)(128 107)(172 98)(189 103)(196 108)(207 122)(215 141)(215 165)(203 197)(179 215)(163 220)(155 220)(151 213)(155 206)(162 202)(179 198)(215 199)(233 205)))
(character (value ね)(width 300)(height 300)(strokes((77 53)(84 203))((58 94)(94 91)(93 99)(51 178)(67 156)(144 108)(161 105)(194 108)(202 112)(214 124)(217 132)(218 148)(213 165)(194 195)(171 208)(155 209)(150 202)(152 194)(159 190)(176 188)(184 189)(223 206)))
(character (value の)(width 300)(height 300)(strokes((145 79)(145 105)(103 201)(96 206)(88 204)(75 189)(64 150)(65 142)(70 133)(119 91)(152 77)(189 73)(209 81)(223 92)(241 115)(245 125)(247 142)(236 181)(222 203)(213 210)(181 217)))
(character (value は)(width 300)(height 300)(strokes((75 52)(68 178)(84 229)(91 233))((125 92)(160 106)(265 100))((200 54)(206 158)(201 178)(193 193)(166 220)(158 223)(149 224)(142 220)(141 202)(145 195)(160 185)(197 180)(216 186)(246 208)))
(character (value ひ)(width 300)(height 300)(strokes((64 75)(98 71)(123 61)(84 139)(80 158)(83 205)(89 212)(104 222)(121 225)(139 224)(154 215)(183 180)(197 139)(197 77)(203 102)(223 131)(244 148)))
(character (value ふ)(width 300)(height 300)(strokes((139 49)(161 72))((141 87)(180 170)(183 189)(182 197)(178 206)(171 213)(145 222)(118 219))((62 209)(104 201))((215 177)(236 200)(237 209)(230 213)(212 214)))
(character (value へ)(width 300)(height 300)(strokes((67 153)(143 105)(258 178)))
(character (value ほ)(width 300)(height 300)(strokes((83 70)(75 177)(84 212)(92 216)(96 208))((149 65)(229 70))((151 124)(238 125))((186 67)(191 191)(185 208)(178 212)(161 214)(156 207)(155 189)(162 183)(189 184)(229 211)))
(character (value ま)(width 300)(height 300)(strokes((90 76)(191 87))((100 120)(192 133))((140 45)(139 204)(135 211)(127 217)(118 218)(110 216)(103 210)(99 203)(99 195)(106 188)(150 178)(158 180)(187 200)(198 213)))
(character (value み)(width 300)(height 300)(strokes((76 85)(111 72)(129 70)(136 74)(141 81)(145 101)(124 155)(110 166)(95 173)(87 173)(82 166)(83 158)(91 151)(112 144)(197 147)(215 152)(222 156))((208 90)(207 129)(163 209)(155 213)))
(character (value む)(width 300)(height 300)(strokes((50 76)(176 80))((120 36)(120 148)(115 155)(108 159)(100 159)(94 153)(93 145)(100 130)(106 123)(113 118)(121 121)(124 129)(120 193)(122 201)(128 209)(135 213)(204 222)(230 216)(236 210)(238 202)(235 193)(230 185))((211 74)(228 86)(231 105)))
(character (value め)(width 300)(height 300)(strokes((61 105)(78 165)(103 198)(128 216))((152 70)(145 134)(110 215)(102 219)(93 221)(85 220)(77 217)(70 212)(67 203)(67 185)(77 166)(92 151)(153 113)(188 108)(207 111)(230 124)(242 139)(244 147)(244 165)(237 183)(219 207)(210 212)(189 218)))
(character (value も)(width 300)(height 300)(strokes((58 66)(151 79))((61 130)(151 138))((109 36)(88 165)(92 184)(106 207)(130 220)(190 231)(200 229)(208 224)(214 208)(216 183)(209 165)))
(character (value や)(width 300)(height 300)(strokes((62 107)(129 83)(200 76)(207 80)(212 87)(225 119)(220 128)(205 140)(156 151))((133 35)(148 50))((77 55)(160 250)))
(character (value ゆ)(width 300)(height 300)(strokes((84 67)(71 158)(153 93)(170 88)(191 87)(207 94)(225 115)(228 125)(227 152)(222 162)(209 177)(201 182)(190 185)(152 184)(145 180)(134 166))((172 51)(174 124)(139 231)))
(character (value よ)(width 300)(height 300)(strokes((145 91)(225 93))((144 37)(126 191)(119 206)(104 215)(96 216)(88 213)(81 207)(77 199)(77 189)(80 181)(86 173)(104 164)(157 164)(165 167)(179 177)(202 212)))
(character (value ら)(width 300)(height 300)(strokes((100 32)(157 71))((96 72)(97 107)(83 170)(105 151)(139 138)(206 139)(221 147)(228 155)(235 171)(236 187)(233 196)(215 215)(208 219)(164 220)(140 213)))
(character (value り)(width 300)(height 300)(strokes((110 68)(109 161)(117 157)(122 150))((171 67)(178 87)(178 199)(171 216)(145 246)))
(character (value る)(width 300)(height 300)(strokes((97 56)(190 53)(186 62)(83 175)(87 168)(143 136)(181 134)(199 138)(207 142)(213 148)(218 182)(211 197)(199 210)(191 215)(165 220)(148 218)(141 214)(140 206)(144 199)(152 196)(160 195)(168 198)(188 214)))
(character (value れ)(width 300)(height 300)(strokes((101 58)(92 206))((65 100)(122 92)(126 99)(71 173)(169 110)(186 109)(192 116)(193 202)(199 208)(207 209)(215 205)(228 193)(243 163)))
(character (value ろ)(width 300)(height 300)(strokes((75 78)(127 80)(167 72)(67 158)(115 134)(167 127)(184 132)(208 147)(223 171)(222 187)(218 195)(197 210)(180 217)(156 218)))
(character (value わ)(width 300)(height 300)(strokes((86 60)(84 217))((54 109)(114 98)(112 107)(62 179)(67 171)(150 121)(206 116)(216 119)(224 124)(237 138)(241 148)(240 173)(232 190)(220 204)(204 214)(163 220)))
(character (value を)(width 300)(height 300)(strokes((66 76)(164 77))((131 31)(114 90)(83 133)(96 122)(111 115)(146 112)(163 117)(171 122)(177 129)(180 155)(173 188))((210 116)(188 119)(160 132)(131 157)(122 171)(118 188)(118 197)(123 206)(131 214)(138 218)(176 227)(202 226)))
(character (value ん)(width 300)(height 300)(strokes((111 60)(80 195)(83 187)(102 162)(119 149)(135 143)(143 145)(163 189)(170 196)(179 199)(187 199)(196 195)(220 172)))