(character (value あ)(width 300)(height 300)(strokes((40 99)(155 100))((106 29)(94 82)(96 189)(106 214)(152 264))((156 129)(116 228)(110 235)(103 239)(87 240)(78 237)(71 231)(69 223)(73 214)(78 207)(100 190)(193 155)(210 156)(227 164)(234 170)(239 177)(242 185)(242 193)(231 216)(202 236)(194 239)(186 240)))
(character (value も)(width 300)(height 300)(strokes((55 62)(164 97))((58 132)(156 131))((108 34)(107 95)(105 103)(106 178)(120 210)(126 218)(140 226)(166 234)(191 231)(199 227)(212 214)(218 198)(218 180)(215 172)))
(character (value お)(width 300)(height 300)(strokes((62 92)(74 93)(183 75))((108 46)(123 101)(127 175)(120 199)(108 220)(96 232)(90 223)(88 215)(89 198)(94 181)(110 160)(124 149)(172 127)(207 126)(216 129)(232 140)(246 161)(248 170)(248 186)(235 208)(221 220)(205 228)(177 234))((199 63)(227 88)))
(character (value り)(width 300)(height 300)(strokes((107 60)(109 132)(111 140)(110 164)(121 106)(148 63)(155 58)(163 56)(171 59)(176 66)(182 83)(188 189)(183 207)(147 258)(133 268)))
(character (value い)(width 300)(height 300)(strokes((54 82)(55 130)(68 171)(114 237)(129 245)(134 237)(135 228)(134 220))((185 63)(204 83)(221 125)(222 133)))
(character (value や)(width 300)(height 300)(strokes((56 105)(184 83)(219 86)(226 90)(232 96)(236 104)(235 121)(231 129)(217 143)(201 151)(185 155)(166 156)(137 138))((131 29)(148 47))((80 53)(80 78)(90 106)(125 162)(154 259)))
(character (value う)(width 300)(height 300)(strokes((111 39)(176 81))((103 98)(153 91)(170 95)(184 105)(194 121)(197 168)(192 185)(127 268)))
(character (value ゆ)(width 300)(height 300)(strokes((83 62)(82 132)(76 156)(90 134)(97 127)(136 102)(180 93)(198 94)(215 102)(227 117)(234 133)(234 158)(231 166)(211 182)(167 185)(141 178)(127 167))((171 48)(158 171)(121 239)))
(character (value え)(width 300)(height 300)(strokes((103 27)(125 37)(162 64))((70 105)(108 96)(117 96)(126 99)(133 103)(136 129)(116 182)(87 227)(84 235)(85 227)(99 205)(121 186)(144 175)(152 175)(158 182)(162 215)(165 223)(171 230)(178 235)(196 234)(252 201)))
(character (value よ)(width 300)(height 300)(strokes((141 86)(229 90))((142 26)(134 170)(126 195)(117 210)(110 214)(102 216)(85 215)(78 210)(75 202)(75 194)(77 186)(96 164)(105 159)(133 156)(143 158)(180 181)(191 195)(202 217)))
(character (value か)(width 300)(height 300)(strokes((65 109)(188 102)(196 104)(203 109)(209 116)(212 125)(214 149)(169 246)(161 247)(154 243)(148 237)(144 230))((138 46)(141 144)(131 182)(94 253))((188 61)(204 88)(210 94)))
(character (value る)(width 300)(height 300)(strokes((102 51)(192 45)(71 153)(101 133)(172 117)(197 124)(212 134)(218 141)(224 157)(225 183)(215 199)(182 215)(157 217)(149 213)(138 200)(136 192)(140 185)(148 182)(156 182)(164 184)(186 198)(197 212)))
(character (value き)(width 300)(height 300)(strokes((86 92)(198 64))((108 132)(234 104))((107 39)(190 165)(182 165)(158 159)(132 159)(84 183)(77 190)(73 198)(73 207)(76 215)(81 222)(88 227)(104 232)(128 233)(193 213)))
(character (value ろ)(width 300)(height 300)(strokes((71 78)(167 69)(163 77)(79 158)(94 145)(147 123)(183 120)(201 126)(209 131)(220 145)(226 170)(226 179)(223 188)(213 202)(198 214)(183 221)(159 224)(124 219)))
(character (value く)(width 300)(height 300)(strokes((170 45)(162 58)(153 84)(103 158)(105 167)(191 240)))
(character (value わ)(width 300)(height 300)(strokes((82 63)(101 218))((59 112)(104 94)(108 101)(82 211)(82 203)(84 195)(121 141)(135 129)(182 108)(208 106)(217 108)(232 118)(238 125)(245 141)(247 165)(245 174)(236 189)(207 208)(174 212)(166 211)(151 203)))
(character (value け)(width 300)(height 300)(strokes((75 46)(76 124)(91 194)(105 226)(113 224)(119 215))((141 99)(146 107)(155 110)(232 107))((183 35)(192 173)(173 256)))
(character (value こ)(width 300)(height 300)(strokes((92 82)(156 72)(183 73)(199 79)(220 95)(216 102)(208 106))((109 171)(93 194)(90 203)(90 211)(93 219)(100 226)(168 230)(221 218)))
(character (value ん)(width 300)(height 300)(strokes((108 48)(85 212)(86 203)(113 151)(126 139)(134 138)(143 142)(150 149)(170 188)(177 193)(185 194)(193 193)(220 180)(234 166)))
(character (value さ)(width 300)(height 300)(strokes((82 92)(201 68))((118 44)(191 150)(183 155)(156 154)(104 164)(89 175)(84 182)(81 190)(81 198)(83 206)(116 237)(135 244)(185 244)(220 237)))
(character (value し)(width 300)(height 300)(strokes((112 54)(137 215)(149 229)(157 233)(175 233)(183 231)(190 227)(236 179)))
(character (value す)(width 300)(height 300)(strokes((61 94)(237 86))((155 45)(165 146)(164 154)(160 162)(152 165)(145 161)(140 154)(138 145)(147 121)(154 116)(160 122)(167 197)(160 223)(141 254)))
(character (value せ)(width 300)(height 300)(strokes((64 121)(256 100))((193 46)(190 69)(199 162)(175 190)(168 194)(160 196))((105 61)(123 198)(131 214)(138 221)(146 225)(156 227)(203 223)))
(character (value そ)(width 300)(height 300)(strokes((75 73)(173 65)(174 73)(165 90)(137 115)(71 149)(63 151)(205 127)(177 135)(148 158)(138 172)(133 189)(134 207)(158 245)(165 251)(173 253)))
(character (value た)(width 300)(height 300)(strokes((55 104)(206 96))((124 51)(104 174)(70 241))((167 131)(158 134)(213 126)(242 132)(250 136))((143 191)(155 204)(182 214)(239 215)(247 212)))
(character (value ち)(width 300)(height 300)(strokes((70 104)(211 92))((145 41)(136 85)(104 158)(165 135)(181 135)(201 139)(218 146)(241 175)(242 191)(240 199)(234 205)(219 212)(166 218)(142 214)))
(character (value つ)(width 300)(height 300)(strokes((67 129)(195 99)(211 101)(226 111)(233 118)(240 135)(239 144)(234 160)(225 175)(211 185)(192 191)(149 192)))
(character (value て)(width 300)(height 300)(strokes((72 111)(213 83)(148 118)(137 131)(128 154)(128 178)(132 194)(144 219)(164 235)(172 238)))
(character (value と)(width 300)(height 300)(strokes((67 63)(120 118))((201 69)(118 130)(103 153)(100 178)(104 195)(109 202)(118 208)(152 221)(188 224)(214 221)))
(character (value な)(width 300)(height 300)(strokes((75 100)(201 87))((139 47)(111 181)(98 204))((209 87)(228 111))((193 133)(186 210)(181 218)(175 224)(167 227)(151 226)(145 220)(143 212)(147 204)(155 200)(163 199)(172 200)(181 203)(227 233)))
(character (value に)(width 300)(height 300)(strokes((91 51)(82 114)(86 186)(99 210)(107 209)(119 197))((160 70)(192 66)(236 74)(250 83)(245 91)(238 96))((169 162)(164 189)(168 197)(175 202)(192 207)(213 208)(250 198)))
(character (value ぬ)(width 300)(height 300)(strokes((64 88)(64 110)(90 187)(111 216)(119 222))((146 58)(150 121)(142 170)(124 200)(111 211)(93 218)(84 219)(76 216)(70 210)(67 202)(67 194)(81 152)(106 124)(155 105)(187 106)(202 117)(206 124)(209 134)(209 158)(190 198)(177 210)(170 214)(162 216)(154 215)(152 207)(156 199)(163 194)(190 191)(218 198)(233 207)))
(character (value ね)(width 300)(height 300)(strokes((69 55)(95 211))((57 94)(97 86)(97 95)(66 161)(64 170)(69 159)(92 133)(123 111)(169 97)(187 96)(196 98)(211 108)(218 116)(224 133)(224 150)(213 175)(194 196)(161 212)(153 213)(145 210)(142 202)(142 194)(148 187)(156 184)(184 183)(232 208)))
(character (value の)(width 300)(height 300)(strokes((132 67)(134 138)(125 174)(120 183)(108 196)(100 201)(91 202)(82 201)(74 197)(67 191)(64 182)(62 165)(63 156)(68 140)(87 109)(133 84)(171 75)(188 76)(214 84)(222 89)(233 103)(241 122)(243 156)(235 181)(230 188)(209 204)(179 206)))
(character (value は)(width 300)(height 300)(strokes((78 48)(77 102)(79 111)(79 120)(99 222)(106 216)(108 206))((126 97)(142 105)(168 109)(256 97))((191 42)(202 112)(192 178)(168 217)(160 220)(152 221)(144 219)(141 211)(141 202)(143 194)(163 176)(171 174)(197 174)(242 194)(254 206)))
(character (value ひ)(width 300)(height 300)(strokes((63 78)(132 54)(100 92)(80 138)(80 172)(93 206)(99 213)(106 217)(125 221)(135 221)(145 219)(162 212)(171 206)(187 186)(196 168)(202 140)(201 106)(195 81)(242 138)))
(character (value ふ)(width 300)(height 300)(strokes((135 40)(157 68))((136 81)(187 194)(187 202)(184 210)(177 214)(127 216))((60 209)(105 197))((209 168)(227 178)(234 184)(237 192)(237 200)))
(character (value へ)(width 300)(height 300)(strokes((72 153)(140 103)(148 103)(255 162)))
(character (value ほ)(width 300)(height 300)(strokes((78 60)(85 176)(94 202)(103 216)(110 211)(113 203))((147 63)(228 69))((149 127)(258 123))((186 64)(197 170)(194 195)(190 203)(177 214)(169 215)(160 213)(153 208)(150 200)(152 192)(159 186)(168 183)(185 183)(194 186)(231 210)))
(character (value ま)(width 300)(height 300)(strokes((84 71)(189 81))((98 120)(194 131))((135 41)(148 199)(146 207)(134 220)(126 224)(109 225)(101 222)(96 215)(94 207)(94 199)(98 192)(104 186)(120 176)(136 174)(162 183)(200 209)))
(character (value み)(width 300)(height 300)(strokes((74 87)(92 78)(132 70)(140 72)(148 76)(151 92)(148 109)(140 124)(113 151)(98 161)(81 168)(74 164)(75 156)(90 143)(115 134)(150 133)(225 161))((206 81)(192 163)(154 226)))
(character (value む)(width 300)(height 300)(strokes((51 72)(76 79)(170 82))((117 30)(91 175)(87 182)(79 180)(77 172)(78 154)(85 138)(93 137)(96 153)(87 211)(89 219)(96 225)(230 216)(237 212)(234 203)(227 196)(223 188))((210 74)(229 99)(229 107)))
(character (value め)(width 300)(height 300)(strokes((61 99)(76 160)(99 202)(129 223)(146 228))((154 71)(141 176)(133 191)(113 210)(97 218)(81 219)(74 215)(71 207)(70 190)(73 180)(94 146)(119 126)(138 117)(182 107)(202 112)(223 127)(231 141)(235 177)(233 185)(221 201)(206 214)(189 220)))
(character (value ら)(width 300)(height 300)(strokes((98 24)(142 58))((99 65)(99 165)(107 149)(122 135)(131 131)(149 128)(201 136)(224 149)(235 162)(239 171)(241 180)(240 196)(235 203)(227 208)(200 216)(173 217)(155 210)(141 201)))
(character (value れ)(width 300)(height 300)(strokes((97 41)(92 210))((71 98)(116 85)(124 85)(122 94)(82 183)(83 174)(95 149)(151 96)(159 92)(167 90)(175 91)(183 94)(190 99)(199 113)(199 181)(202 189)(207 196)(215 200)(223 196)(236 181)))
(character (value を)(width 300)(height 300)(strokes((63 74)(177 73))((136 29)(84 133)(99 122)(133 110)(150 111)(159 115)(172 126)(177 134)(178 161)(164 195))((208 110)(144 142)(125 163)(119 188)(120 197)(126 205)(149 221)(177 228)(214 226)))
(character (value あ)(width 300)(height 300)(strokes((45 101)(165 74))((100 29)(100 91)(155 256))((152 118)(150 185)(143 210)(132 223)(108 235)(91 238)(82 236)(75 232)(74 216)(95 177)(126 147)(152 134)(171 129)(208 129)(217 133)(224 138)(233 153)(238 189)(233 206)(214 226)(207 230)))
(character (value も)(width 300)(height 300)(strokes((52 57)(149 72)(157 75))((60 124)(164 135))((106 33)(97 177)(104 193)(125 208)(141 214)(200 222)(208 220)(215 214)(221 197)(221 188)(212 162)))
(character (value お)(width 300)(height 300)(strokes((60 88)(82 93)(171 83))((109 46)(137 171)(135 197)(132 205)(120 218)(106 227)(98 230)(90 227)(86 220)(86 212)(89 203)(117 161)(145 141)(170 135)(194 135)(202 137)(209 141)(226 163)(230 171)(231 187)(229 196)(220 211)(196 227)(188 228))((189 73)(226 92)))
(character (value り)(width 300)(height 300)(strokes((106 57)(106 158)(110 150)(117 113)(129 88)(146 67)(162 57)(170 59)(180 74)(188 115)(186 199)(183 207)(143 259)))
(character (value い)(width 300)(height 300)(strokes((58 79)(59 146)(69 180)(99 213)(138 232)(139 224)(136 208))((187 66)(207 93)(217 118)(219 134)))
(character (value や)(width 300)(height 300)(strokes((62 101)(136 75)(191 73)(206 81)(213 87)(219 95)(222 119)(211 133)(203 139)(163 150))((128 28)(144 49)(151 54))((83 54)(84 69)(167 250)))
(character (value う)(width 300)(height 300)(strokes((115 42)(167 70)(175 72))((102 100)(136 89)(162 89)(170 92)(184 106)(188 113)(191 122)(192 156)(182 190)(128 271)))
(character (value ゆ)(width 300)(height 300)(strokes((75 61)(72 164)(77 148)(94 126)(122 106)(168 90)(193 90)(201 92)(216 103)(220 111)(224 127)(225 153)(222 162)(209 175)(184 182)(158 182)(132 174)(125 170)(120 163))((172 30)(169 162)(133 247)))
(character (value え)(width 300)(height 300)(strokes((105 34)(113 41)(151 62)(159 64))((75 109)(100 95)(119 91)(137 91)(144 95)(151 112)(99 226)(101 218)(109 202)(141 179)(150 176)(158 175)(164 181)(172 214)(177 221)(185 223)(193 221)(248 169)))
(character (value よ)(width 300)(height 300)(strokes((137 89)(227 92))((145 31)(123 195)(118 203)(103 212)(85 207)(80 200)(77 192)(76 183)(78 175)(83 167)(91 159)(100 153)(110 149)(146 149)(155 152)(170 162)(194 192)(201 209)))
(character (value か)(width 300)(height 300)(strokes((62 114)(201 108)(208 112)(209 120)(173 232)(167 238)(151 216))((142 57)(134 105)(88 223))((197 67)(217 84)(225 86)))
(character (value る)(width 300)(height 300)(strokes((97 50)(176 53)(173 62)(83 168)(133 135)(168 128)(185 129)(203 138)(209 144)(213 151)(216 169)(215 185)(196 217)(183 231)(161 244)(145 247)(136 246)(128 243)(115 230)(112 222)(115 214)(124 208)(132 206)(148 206)(156 209)(177 228)))
(character (value き)(width 300)(height 300)(strokes((76 90)(105 93)(146 86)(190 67))((101 129)(225 101))((107 39)(178 163)(171 168)(118 174)(100 180)(85 189)(79 196)(75 212)(75 220)(87 234)(108 248)(118 251)(156 252)(202 242)))
(character (value ろ)(width 300)(height 300)(strokes((87 74)(200 73)(106 140)(81 149)(105 139)(178 126)(187 127)(219 140)(237 160)(240 168)(241 176)(240 184)(236 191)(223 204)(193 220)(168 224)(142 218)(135 214)))
(character (value く)(width 300)(height 300)(strokes((170 40)(158 73)(97 146)(106 164)(182 246)))
(character (value わ)(width 300)(height 300)(strokes((85 54)(91 221))((64 109)(109 95)(110 103)(71 202)(74 194)(121 138)(153 119)(178 113)(205 112)(221 117)(230 122)(236 128)(246 144)(248 152)(248 160)(246 169)(237 186)(231 192)(207 206)(173 209)(164 207)))
(character (value け)(width 300)(height 300)(strokes((76 53)(82 211)(98 232)(105 236)(117 212))((136 104)(254 110))((197 40)(186 198)(158 250)))
(character (value こ)(width 300)(height 300)(strokes((76 96)(135 76)(170 72)(186 76)(202 85)(208 92)(211 100)(203 106)(194 109))((99 186)(88 202)(86 210)(91 217)(110 225)(158 228)(201 214)))
(character (value ん)(width 300)(height 300)(strokes((111 51)(77 191)(98 159)(123 143)(131 144)(156 192)(163 196)(181 197)(198 191)(231 161)))
(character (value さ)(width 300)(height 300)(strokes((84 100)(92 101)(221 88))((118 37)(190 150)(125 148)(83 170)(71 184)(71 192)(74 201)(90 223)(98 229)(115 237)(148 241)(190 236)))
(character (value し)(width 300)(height 300)(strokes((107 49)(114 202)(118 210)(120 218)(127 226)(142 234)(150 236)(159 234)(168 230)(226 185)))
(character (value す)(width 300)(height 300)(strokes((65 104)(218 104))((152 49)(157 151)(149 167)(141 169)(134 165)(132 156)(134 140)(138 133)(144 127)(151 133)(154 141)(152 199)(127 246)))
(character (value せ)(width 300)(height 300)(strokes((60 127)(239 101))((188 52)(184 157)(180 166)(169 181)(162 187))((110 70)(120 200)(124 208)(147 222)(155 224)(180 224)(198 220)))
(character (value そ)(width 300)(height 300)(strokes((104 71)(180 70)(177 78)(78 140)(209 122)(143 150)(135 156)(125 171)(122 179)(122 213)(124 221)(131 228)(135 235)(141 241)(163 254)(171 256)))
(character (value た)(width 300)(height 300)(strokes((64 105)(134 109)(196 97))((125 58)(118 109)(73 235))((152 136)(196 136)(215 141)(230 152))((149 198)(169 211)(197 217)(235 213)))
(character (value ち)(width 300)(height 300)(strokes((66 104)(191 97))((148 41)(99 162)(106 156)(139 138)(157 134)(176 135)(193 140)(209 149)(222 163)(228 179)(226 187)(216 201)(208 207)(184 218)(135 220)))
(character (value つ)(width 300)(height 300)(strokes((69 128)(150 103)(184 101)(203 106)(211 110)(218 116)(229 130)(231 138)(230 154)(223 170)(202 189)(193 193)(152 199)(136 198)))
(character (value て)(width 300)(height 300)(strokes((73 111)(212 90)(145 125)(132 140)(124 154)(122 163)(123 188)(126 197)(142 218)(150 223)(174 231)))
(character (value と)(width 300)(height 300)(strokes((79 68)(135 126))((200 73)(114 150)(102 182)(102 191)(108 208)(121 219)(130 222)(194 226)(218 222)))
(character (value な)(width 300)(height 300)(strokes((71 106)(189 93))((139 44)(132 107)(109 176)(94 199))((210 85)(223 117))((193 122)(181 186)(167 217)(160 221)(152 222)(144 220)(140 213)(141 205)(147 198)(163 193)(171 194)(185 202)(210 225)))
(character (value に)(width 300)(height 300)(strokes((90 57)(81 72)(69 122)(78 184)(99 211)(106 215)(120 202))((163 74)(205 72)(223 77)(230 81)(234 88)(227 93))((163 177)(167 193)(174 199)(217 203)(226 201)(243 193)))
(character (value ぬ)(width 300)(height 300)(strokes((64 83)(70 149)(78 174)(108 211)(129 226))((140 61)(132 182)(125 199)(119 206)(103 212)(95 213)(87 212)(73 202)(73 194)(81 160)(99 129)(154 97)(180 100)(194 109)(205 124)(211 141)(212 166)(206 183)(189 205)(174 215)(166 217)(158 217)(152 211)(153 203)(160 197)(169 194)(195 191)(231 209)))
(character (value ね)(width 300)(height 300)(strokes((75 46)(91 214))((55 102)(95 92)(96 100)(75 207)(76 199)(98 149)(111 135)(126 125)(143 118)(194 115)(202 117)(209 121)(221 134)(223 152)(222 160)(215 176)(180 202)(172 205)(164 206)(155 202)(149 196)(146 188)(150 181)(158 176)(182 176)(217 203)))
(character (value の)(width 300)(height 300)(strokes((135 73)(129 177)(120 193)(106 205)(97 206)(81 203)(74 199)(69 191)(66 182)(65 163)(71 137)(76 128)(101 100)(130 81)(166 78)(193 86)(208 95)(226 117)(233 133)(233 160)(222 185)(210 198)(187 209)))
(character (value は)(width 300)(height 300)(strokes((76 53)(80 184)(99 225)(103 218))((130 100)(256 101))((194 44)(192 199)(184 214)(169 221)(161 221)(153 218)(152 210)(162 195)(169 190)(186 184)(203 184)(211 186)(240 205)(252 218)))
(character (value ひ)(width 300)(height 300)(strokes((66 74)(119 59)(74 138)(71 192)(81 216)(99 236)(107 240)(126 239)(144 231)(158 220)(185 184)(189 75)(241 139)))
(character (value ふ)(width 300)(height 300)(strokes((146 42)(162 69))((144 84)(162 113)(185 181)(186 198)(179 215)(172 219)(163 220)(126 215))((61 208)(103 200))((209 170)(233 197)(230 205)))
(character (value へ)(width 300)(height 300)(strokes((65 158)(137 97)(256 168)))
(character (value ほ)(width 300)(height 300)(strokes((83 66)(80 188)(86 205)(93 210)(102 213))((146 65)(223 65))((145 122)(248 127))((188 62)(197 177)(194 194)(187 209)(181 215)(165 218)(158 214)(155 205)(155 197)(160 189)(166 183)(174 181)(182 182)(229 211)(235 217)))
(character (value ま)(width 300)(height 300)(strokes((80 69)(171 85))((86 117)(191 140))((140 42)(142 181)(137 207)(132 214)(125 220)(117 224)(109 224)(101 221)(96 214)(96 205)(106 191)(129 179)(158 177)(184 188)(191 193)(197 201)(203 217)))
(character (value み)(width 300)(height 300)(strokes((70 83)(109 65)(125 63)(133 66)(140 72)(143 80)(145 98)(144 107)(118 152)(98 171)(90 175)(81 172)(77 164)(81 155)(87 149)(112 137)(131 136)(235 159))((207 74)(206 106)(200 131)(164 205)(158 212)))
(character (value む)(width 300)(height 300)(strokes((55 77)(173 81))((115 28)(121 144)(118 153)(108 167)(100 168)(97 142)(104 123)(111 115)(118 121)(121 129)(127 199)(131 206)(167 219)(234 218)(236 209)(236 174))((207 69)(221 101)))
(character (value め)(width 300)(height 300)(strokes((60 97)(61 121)(89 192)(121 215))((152 65)(128 176)(119 190)(100 208)(92 212)(84 213)(76 209)(71 202)(69 194)(71 177)(78 160)(91 145)(122 121)(142 113)(196 107)(227 116)(235 122)(240 129)(244 138)(247 155)(246 165)(234 189)(220 202)(199 214)(180 220)))
(character (value ら)(width 300)(height 300)(strokes((95 32)(132 66))((96 64)(96 148)(111 139)(139 132)(196 134)(222 145)(229 150)(240 164)(243 181)(234 196)(219 208)(192 215)(175 215)(166 213)(133 195)))
(character (value れ)(width 300)(height 300)(strokes((97 47)(84 207))((72 98)(135 88)(102 126)(70 190)(131 119)(160 100)(185 94)(193 98)(202 112)(205 128)(194 185)(195 193)(202 198)(211 199)(228 193)(246 181)(252 172)))
(character (value を)(width 300)(height 300)(strokes((63 77)(174 82))((124 24)(95 111)(86 126)(81 142)(87 136)(112 121)(129 116)(148 116)(165 121)(173 126)(185 140)(188 158)(176 180))((215 105)(152 139)(134 157)(130 164)(127 173)(125 197)(128 206)(140 218)(164 230)(198 233)))
(character (value あ)(width 300)(height 300)(strokes((47 99)(170 83))((104 23)(102 163)(111 195)(145 248))((151 122)(141 194)(137 203)(125 217)(118 222)(109 226)(77 230)(69 227)(62 222)(61 214)(63 206)(71 189)(89 166)(114 149)(168 131)(205 131)(213 134)(227 146)(237 161)(243 186)(242 194)(238 203)(218 218)(208 221)(182 223)))
(character (value も)(width 300)(height 300)(strokes((53 75)(164 73))((60 129)(157 131))((103 28)(85 166)(88 184)(96 198)(124 217)(166 226)(193 223)(210 217)(217 211)(222 178)(220 169)(216 161)))
(character (value お)(width 300)(height 300)(strokes((63 84)(169 82))((111 44)(136 121)(137 149)(124 208)(108 229)(100 232)(92 233)(86 227)(84 218)(84 210)(86 202)(99 178)(106 170)(161 136)(205 134)(222 143)(230 150)(241 176)(241 193)(228 219)(213 231)(204 235)(194 237)(184 237))((194 70)(236 89)))
(character (value り)(width 300)(height 300)(strokes((107 60)(111 157)(115 150)(126 98)(140 65)(147 61)(155 59)(163 59)(172 62)(179 67)(185 74)(191 91)(196 160)(189 203)(186 211)(146 261)))
(character (value い)(width 300)(height 300)(strokes((61 72)(55 106)(63 156)(95 221)(114 240)(121 244)(129 245)(135 239)(136 230))((179 61)(206 77)(233 124)))
(character (value や)(width 300)(height 300)(strokes((67 104)(182 74)(191 75)(215 89)(222 96)(226 103)(229 120)(228 128)(224 135)(217 140)(191 151)(156 151)(147 149)(131 138))((128 32)(147 46))((74 49)(96 111)(178 250)))
(character (value う)(width 300)(height 300)(strokes((109 41)(180 81))((100 101)(126 93)(160 93)(176 102)(182 108)(194 132)(196 174)(184 207)(129 275)))
(character (value ゆ)(width 300)(height 300)(strokes((83 65)(72 155)(84 135)(96 122)(111 111)(145 95)(195 92)(213 97)(227 108)(231 115)(232 123)(231 132)(219 155)(205 167)(182 177)(166 180)(139 177)(131 174))((171 49)(174 118)(160 187)(130 239)))
(character (value え)(width 300)(height 300)(strokes((98 24)(104 31)(145 59))((72 113)(129 96)(137 99)(145 105)(148 113)(148 139)(139 166)(92 234)(97 226)(145 186)(154 186)(161 190)(166 207)(174 222)(181 226)(190 226)(207 218)(213 212)(245 191)(251 185)))
(character (value よ)(width 300)(height 300)(strokes((134 90)(219 92))((147 36)(112 204)(101 217)(92 219)(84 217)(78 210)(76 201)(77 192)(88 179)(104 167)(113 163)(122 161)(147 161)(171 174)(201 207)))
(character (value か)(width 300)(height 300)(strokes((63 111)(182 112)(189 116)(195 122)(199 129)(201 155)(196 181)(161 249)(155 241)(142 211))((129 55)(126 122)(82 249))((189 59)(210 83)(218 88)))
(character (value る)(width 300)(height 300)(strokes((103 55)(160 56)(168 54)(167 63)(92 185)(135 137)(151 129)(169 124)(186 124)(194 126)(208 134)(217 149)(218 166)(210 191)(200 207)(166 240)(159 244)(151 246)(135 245)(128 240)(123 233)(121 225)(122 217)(127 210)(135 206)(143 204)(160 209)(178 229)))
(character (value き)(width 300)(height 300)(strokes((80 88)(146 84)(192 72))((101 130)(204 114))((105 42)(178 173)(170 169)(162 167)(154 163)(126 162)(98 169)(90 174)(73 194)(70 210)(81 224)(95 235)(171 244)(196 239)))
(character (value ろ)(width 300)(height 300)(strokes((79 82)(128 82)(163 74)(72 158)(76 150)(98 134)(160 121)(178 123)(186 126)(194 131)(205 144)(209 153)(213 171)(212 187)(196 207)(189 211)(162 220)(145 220)(136 217)(115 203)))
(character (value く)(width 300)(height 300)(strokes((166 41)(93 152)(174 222)(184 236)))
(character (value わ)(width 300)(height 300)(strokes((91 54)(79 236))((58 107)(109 96)(81 133)(60 184)(77 163)(117 132)(152 117)(186 114)(203 118)(226 132)(233 140)(237 149)(240 166)(239 174)(232 189)(211 206)(202 210)(158 219)))
(character (value け)(width 300)(height 300)(strokes((73 43)(73 175)(87 217)(97 231)(104 237)(112 228)(118 210))((132 105)(253 109))((192 34)(198 160)(162 253)))
(character (value こ)(width 300)(height 300)(strokes((107 81)(176 74)(212 82)(219 86)(223 93)(219 100)(211 106)(192 115)(184 116))((108 176)(91 200)(88 208)(88 216)(96 223)(104 227)(178 229)(206 219)))
(character (value ん)(width 300)(height 300)(strokes((112 50)(86 202)(88 193)(92 184)(124 144)(132 139)(140 140)(146 148)(169 198)(175 205)(183 206)(191 203)(206 191)(223 168)))
(character (value さ)(width 300)(height 300)(strokes((78 105)(205 89))((116 41)(185 161)(152 157)(116 160)(108 163)(100 168)(87 181)(74 203)(72 212)(74 221)(81 227)(96 235)(116 239)(144 239)(190 226)))
(character (value し)(width 300)(height 300)(strokes((111 55)(117 205)(126 219)(141 229)(157 230)(223 182)))
(character (value す)(width 300)(height 300)(strokes((63 98)(231 95))((158 52)(165 172)(159 178)(151 178)(144 173)(142 164)(142 156)(148 139)(154 132)(160 138)(161 146)(164 154)(168 212)(162 238)(147 262)))
(character (value せ)(width 300)(height 300)(strokes((65 122)(248 89))((197 51)(206 137)(203 153)(194 168)(166 189))((111 62)(121 202)(125 209)(133 215)(142 217)(194 215)(202 213)))
(character (value そ)(width 300)(height 300)(strokes((107 72)(172 69)(157 92)(86 146)(209 124)(175 137)(167 142)(155 154)(136 184)(131 200)(133 208)(147 232)(154 239)(178 251)))
(character (value た)(width 300)(height 300)(strokes((63 101)(205 94))((128 51)(115 161)(84 237))((154 136)(172 130)(221 130)(224 138)(216 144))((156 187)(148 203)(149 211)(163 220)(188 229)(197 229)(233 216)))
(character (value ち)(width 300)(height 300)(strokes((75 99)(203 93))((148 44)(101 165)(138 140)(173 135)(198 142)(205 147)(224 176)(224 184)(222 193)(212 209)(194 217)(167 219)(142 216)))
(character (value つ)(width 300)(height 300)(strokes((68 129)(130 104)(165 98)(207 103)(229 119)(234 127)(237 135)(238 151)(227 175)(221 182)(206 191)(189 196)(136 192)))
(character (value て)(width 300)(height 300)(strokes((77 114)(214 74)(207 81)(160 112)(129 145)(117 168)(116 193)(120 201)(127 209)(162 229)(171 229)))
(character (value と)(width 300)(height 300)(strokes((79 70)(105 104)(119 116))((206 67)(120 128)(96 168)(94 177)(94 186)(99 202)(106 209)(113 213)(157 218)(208 211)(216 207)))
(character (value な)(width 300)(height 300)(strokes((74 99)(195 95))((137 45)(126 157)(97 211))((209 86)(220 111))((191 127)(189 190)(185 207)(179 214)(163 223)(155 224)(147 222)(142 215)(142 207)(148 200)(166 197)(174 199)(211 226)))
(character (value に)(width 300)(height 300)(strokes((90 62)(70 124)(67 175)(77 200)(92 214)(99 208)(104 200))((160 81)(194 78)(238 97)(231 103)(220 106))((167 173)(160 191)(168 198)(212 202)(241 194)(248 190)))
(character (value ぬ)(width 300)(height 300)(strokes((68 85)(70 138)(85 190)(126 228)(134 231))((142 60)(135 168)(118 199)(110 204)(85 212)(77 211)(71 205)(69 196)(70 188)(80 161)(108 126)(157 105)(183 103)(191 105)(198 110)(213 142)(214 151)(211 169)(207 178)(189 197)(172 206)(164 208)(156 207)(149 203)(150 195)(157 187)(166 183)(181 183)(190 185)(231 204)))
(character (value ね)(width 300)(height 300)(strokes((79 62)(85 217))((60 96)(95 87)(61 196)(127 118)(169 107)(177 107)(185 105)(209 108)(216 114)(223 131)(223 158)(218 176)(213 183)(190 199)(157 208)(152 201)(154 193)(162 189)(170 187)(178 187)(222 206)))
(character (value の)(width 300)(height 300)(strokes((143 76)(145 127)(131 180)(125 188)(110 198)(101 201)(93 202)(84 201)(76 198)(71 191)(69 183)(69 175)(72 164)(97 125)(123 103)(149 90)(184 81)(194 81)(231 96)(247 116)(252 151)(242 177)(200 207)(167 214)))
(character (value は)(width 300)(height 300)(strokes((80 56)(80 181)(94 223)(102 221)(106 212)(107 204))((128 92)(249 96))((199 33)(205 169)(200 187)(188 211)(181 217)(173 219)(164 219)(158 213)(156 205)(156 196)(158 188)(163 181)(170 176)(188 171)(197 171)(206 173)(222 181)(251 208)(255 215)))
(character (value ひ)(width 300)(height 300)(strokes((63 76)(79 74)(109 60)(118 58)(79 132)(74 178)(78 188)(83 195)(98 207)(123 219)(140 219)(157 213)(185 181)(195 151)(197 133)(189 73)(193 83)(236 133)))
(character (value ふ)(width 300)(height 300)(strokes((138 44)(139 52)(143 60)(157 72))((141 90)(185 182)(185 199)(181 207)(167 223)(158 226)(120 228)(113 223))((68 208)(59 212)(115 193))((205 168)(240 192)(244 199)(239 207)(233 213)(226 217)))
(character (value へ)(width 300)(height 300)(strokes((62 161)(82 134)(132 97)(141 98)(240 153)(261 172)))
(character (value ほ)(width 300)(height 300)(strokes((87 62)(91 216)(95 223)(103 224)(109 217)(116 201))((145 66)(240 66))((147 125)(237 122))((180 60)(190 197)(187 205)(174 217)(165 218)(153 204)(156 196)(163 189)(193 189)(228 202)(236 207)))
(character (value ま)(width 300)(height 300)(strokes((87 71)(204 87))((91 116)(211 144))((143 43)(148 200)(139 215)(123 220)(115 220)(106 218)(99 213)(94 206)(94 198)(108 187)(134 180)(153 179)(186 188)(215 209)))
(character (value み)(width 300)(height 300)(strokes((75 95)(103 79)(119 74)(136 79)(140 87)(144 120)(133 146)(116 170)(100 182)(91 184)(83 184)(79 177)(78 169)(83 161)(99 152)(128 145)(174 143)(211 152)(225 162))((209 73)(210 102)(201 151)(158 218)))
(character (value む)(width 300)(height 300)(strokes((44 74)(171 73))((108 30)(110 150)(108 158)(100 162)(92 163)(85 157)(85 149)(90 133)(100 119)(108 121)(111 129)(111 153)(108 161)(108 193)(110 201)(120 213)(143 224)(244 224)(249 216)(243 199))((214 72)(232 98)))
(character (value め)(width 300)(height 300)(strokes((65 105)(88 180)(105 203)(120 215))((155 69)(149 138)(139 172)(114 201)(83 218)(74 217)(68 211)(64 204)(63 186)(80 151)(102 134)(137 117)(202 113)(233 129)(238 137)(241 147)(241 163)(239 171)(235 179)(222 193)(175 220)(165 222)))
(character (value ら)(width 300)(height 300)(strokes((95 29)(146 70))((90 62)(105 133)(105 149)(103 157)(110 150)(151 133)(201 135)(224 148)(229 155)(232 163)(232 187)(228 194)(222 200)(199 210)(155 212)(127 205)))
(character (value れ)(width 300)(height 300)(strokes((96 62)(87 210))((66 98)(123 91)(67 189)(119 128)(133 120)(139 114)(153 106)(170 101)(178 101)(195 107)(202 112)(206 119)(208 127)(208 135)(196 192)(198 200)(206 203)(215 204)(232 199)))
(character (value を)(width 300)(height 300)(strokes((63 74)(158 77))((123 30)(92 128)(144 112)(152 112)(161 114)(178 124)(184 130)(188 138)(190 147)(187 166)(176 191))((211 108)(126 156)(121 163)(114 181)(114 189)(117 197)(124 202)(158 216)(211 220)))
(character (value あ)(width 300)(height 300)(strokes((39 103)(154 92)(162 89))((103 29)(102 101)(136 227))((150 125)(149 192)(136 215)(129 221)(104 232)(96 233)(88 229)(85 221)(85 213)(87 205)(113 173)(144 148)(173 139)(201 140)(209 143)(224 154)(229 162)(232 171)(233 189)(231 198)(226 207)(212 221)(202 226)(193 228)(185 228)))
(character (value も)(width 300)(height 300)(strokes((51 61)(172 71))((59 129)(167 132))((105 33)(97 203)(103 220)(109 227)(124 237)(162 248)(203 244)(212 240)(218 234)(221 226)(223 210)(221 202)(195 171)))
(character (value お)(width 300)(height 300)(strokes((63 94)(182 82))((103 36)(133 103)(138 128)(138 145)(119 204)(108 219)(94 229)(86 227)(83 218)(83 202)(91 187)(134 145)(151 137)(185 129)(201 129)(217 133)(239 149)(245 157)(252 172)(252 188)(250 197)(239 212)(232 218)(192 233)(184 232)(177 226)(173 219)(167 213))((199 56)(229 84)))
(character (value り)(width 300)(height 300)(strokes((112 53)(119 124)(115 156)(129 89)(141 66)(162 50)(170 50)(177 54)(184 72)(186 209)(183 217)(155 254)))
(character (value い)(width 300)(height 300)(strokes((56 78)(75 151)(128 216)(135 220)(140 212))((178 63)(206 89)(219 114)(221 122)(221 147)))
(character (value や)(width 300)(height 300)(strokes((61 111)(131 87)(177 83)(210 96)(223 109)(226 118)(227 127)(224 135)(211 148)(195 156)(158 161)(140 154)(128 141))((124 28)(144 48)(151 52))((70 49)(170 252)))
(character (value う)(width 300)(height 300)(strokes((102 40)(160 72))((99 103)(121 95)(165 91)(180 98)(185 105)(194 131)(194 141)(184 175)(145 242)(114 274)))
(character (value ゆ)(width 300)(height 300)(strokes((84 54)(81 160)(105 129)(120 116)(166 96)(184 94)(192 95)(206 103)(219 116)(223 124)(228 142)(227 159)(223 167)(209 178)(201 181)(140 184)(126 174)(121 166)(118 158))((167 36)(177 120)(174 137)(126 248)))
(character (value え)(width 300)(height 300)(strokes((94 26)(153 58))((78 104)(108 94)(134 94)(141 99)(142 118)(96 221)(99 213)(146 168)(155 165)(164 168)(169 175)(171 183)(171 215)(175 222)(183 222)(199 217)(245 181)))
(character (value よ)(width 300)(height 300)(strokes((138 84)(207 92))((149 31)(142 98)(101 204)(87 216)(79 216)(72 211)(69 203)(69 195)(80 180)(89 174)(130 166)(155 173)(178 186)(192 207)))
(character (value か)(width 300)(height 300)(strokes((68 110)(186 105)(194 108)(201 115)(205 122)(206 147)(163 232)(153 232)(141 216)(139 208))((143 48)(138 116)(112 185)(76 236))((191 60)(228 90)))
(character (value る)(width 300)(height 300)(strokes((91 49)(188 46)(175 72)(89 156)(97 149)(170 125)(187 128)(196 132)(203 138)(212 152)(215 160)(217 185)(212 201)(202 217)(190 229)(167 244)(150 248)(142 247)(134 243)(127 237)(122 230)(121 222)(128 215)(136 212)(159 216)(169 222)(176 229)))
(character (value き)(width 300)(height 300)(strokes((79 87)(206 70))((98 134)(222 115))((103 43)(177 161)(167 163)(134 161)(109 167)(86 179)(71 199)(69 207)(69 215)(71 225)(77 231)(84 235)(102 241)(142 244)(192 233)))
(character (value ろ)(width 300)(height 300)(strokes((108 77)(184 75)(180 83)(93 175)(141 140)(149 137)(175 135)(200 141)(222 155)(228 161)(232 169)(233 185)(224 199)(194 215)(160 220)(151 219)(127 208)))
(character (value く)(width 300)(height 300)(strokes((153 43)(73 143)(71 151)(155 236)))
(character (value わ)(width 300)(height 300)(strokes((119 78))((86 57)(86 215))((64 111)(72 113)(110 106)(68 181)(94 153)(124 132)(150 121)(185 117)(221 127)(229 133)(234 141)(237 149)(238 158)(235 174)(221 196)(201 213)(184 219)(149 222)))
(character (value け)(width 300)(height 300)(strokes((76 44)(77 201)(82 218)(88 225)(95 230)(103 231)(113 217))((134 112)(247 112))((184 33)(187 175)(164 250)))
(character (value こ)(width 300)(height 300)(strokes((95 91)(175 84)(202 88)(209 92)(215 98)(209 105)(201 110))((111 177)(97 213)(100 221)(108 224)(217 213)(223 207)(222 199)))
(character (value ん)(width 300)(height 300)(strokes((104 43)(76 211)(79 203)(112 157)(132 142)(140 143)(147 147)(168 198)(176 201)(221 169)))
(character (value さ)(width 300)(height 300)(strokes((79 97)(104 100)(199 90))((112 38)(185 155)(177 158)(132 160)(115 165)(101 176)(96 183)(89 200)(87 217)(88 226)(99 239)(125 249)(141 250)(160 247)(186 236)))
(character (value し)(width 300)(height 300)(strokes((112 52)(113 187)(116 195)(117 203)(126 217)(140 229)(149 231)(158 231)(188 216)(226 184)))
(character (value す)(width 300)(height 300)(strokes((59 98)(233 98)(241 96))((156 39)(167 143)(159 167)(153 173)(145 175)(137 171)(135 155)(136 146)(145 132)(151 126)(159 128)(162 136)(161 185)(158 194)(129 242)))
(character (value せ)(width 300)(height 300)(strokes((55 123)(227 98))((192 52)(193 166)(186 173)(157 189))((108 65)(121 199)(125 206)(132 212)(140 216)(206 214)))
(character (value そ)(width 300)(height 300)(strokes((122 72)(178 73)(173 81)(159 93)(63 138)(227 119)(218 119)(186 126)(155 141)(137 162)(134 171)(132 188)(135 206)(144 222)(163 243)))
(character (value た)(width 300)(height 300)(strokes((50 106)(201 97))((127 48)(123 111)(104 177)(75 231))((148 131)(229 128)(236 132)(230 139)(223 143))((149 190)(141 206)(142 214)(168 226)(225 217)))
(character (value ち)(width 300)(height 300)(strokes((78 102)(195 98))((143 38)(142 53)(99 173)(119 154)(142 141)(160 135)(204 140)(227 153)(232 160)(234 169)(234 177)(227 193)(208 214)(201 219)(184 226)(166 229)(142 228)))
(character (value つ)(width 300)(height 300)(strokes((60 131)(192 112)(217 120)(231 134)(235 141)(237 150)(237 158)(235 167)(231 174)(224 182)(209 193)(153 199)(135 195)))
(character (value て)(width 300)(height 300)(strokes((72 113)(201 96)(217 90)(149 121)(142 127)(132 142)(122 193)(123 201)(126 210)(132 218)(155 233)(173 237)))
(character (value と)(width 300)(height 300)(strokes((82 65)(118 127)(130 139))((204 75)(122 139)(101 168)(96 185)(96 194)(102 210)(108 216)(144 227)(216 217)))
(character (value な)(width 300)(height 300)(strokes((66 103)(202 92))((137 47)(138 78)(85 219))((212 93)(215 112))((195 129)(194 166)(184 200)(172 213)(156 223)(147 225)(139 222)(138 214)(140 206)(147 201)(172 198)(188 206)(211 224)))
(character (value に)(width 300)(height 300)(strokes((89 48)(70 104)(69 138)(80 189)(95 211)(102 205)(109 190))((152 84)(165 79)(207 76)(231 83)(237 89)(231 95))((162 176)(165 192)(171 199)(180 202)(226 204)(234 202)))
(character (value ぬ)(width 300)(height 300)(strokes((62 80)(69 153)(77 179)(94 200)(125 222))((137 63)(138 161)(125 194)(110 207)(86 218)(78 219)(71 214)(67 207)(67 183)(77 156)(88 140)(103 128)(166 100)(183 99)(192 102)(206 112)(211 119)(214 128)(216 157)(212 175)(203 191)(189 207)(171 216)(154 217)(146 213)(145 205)(150 198)(157 194)(175 190)(200 190)(228 200)(243 209)))
(character (value ね)(width 300)(height 300)(strokes((79 51)(91 199))((58 101)(102 90)(62 189)(96 143)(132 118)(167 105)(191 104)(200 106)(214 115)(224 129)(228 145)(227 153)(224 161)(207 182)(199 188)(175 198)(167 198)(160 193)(159 185)(165 178)(173 177)(217 196)(223 202)))
(character (value の)(width 300)(height 300)(strokes((144 81)(135 170)(127 186)(104 202)(96 203)(88 202)(81 198)(75 192)(72 183)(75 148)(82 132)(111 107)(143 91)(161 86)(186 85)(195 87)(229 103)(241 117)(246 134)(247 152)(245 161)(241 170)(213 196)(196 203)))
(character (value は)(width 300)(height 300)(strokes((76 44)(65 139)(88 226)(93 217)(95 209))((114 92)(275 90))((203 48)(207 150)(199 176)(184 198)(169 209)(151 215)(143 214)(139 207)(141 198)(163 185)(206 182)(230 193)(244 204)))
(character (value ひ)(width 300)(height 300)(strokes((60 72)(70 73)(117 60)(117 68)(86 121)(81 137)(81 171)(83 180)(95 203)(109 215)(118 219)(136 220)(145 217)(168 201)(188 169)(191 161)(197 109)(193 84)(190 76)(205 105)(219 120)(229 136)))
(character (value ふ)(width 300)(height 300)(strokes((138 45)(148 65)(154 72))((138 82)(170 141)(181 182)(178 208)(171 214)(163 217)(155 218)(130 214))((56 211)(93 200))((209 174)(227 186)(229 194)(228 202)))
(character (value へ)(width 300)(height 300)(strokes((63 158)(80 136)(136 91)(252 159)))
(character (value ほ)(width 300)(height 300)(strokes((83 68)(81 127)(79 135)(89 215)(93 223)(98 216)(101 208))((144 64)(225 65))((147 121)(245 124))((185 56)(196 123)(191 189)(186 206)(179 212)(171 216)(163 217)(157 210)(156 202)(160 194)(167 189)(193 187)(218 198)(232 211)))
(character (value ま)(width 300)(height 300)(strokes((89 74)(188 95)(196 95))((96 120)(193 130))((136 40)(143 192)(141 200)(130 214)(114 218)(105 217)(99 211)(98 203)(103 196)(111 189)(145 176)(154 176)(171 182)(194 197)(200 203)(204 210)))
(character (value み)(width 300)(height 300)(strokes((68 89)(112 67)(129 68)(135 74)(139 82)(142 108)(124 151)(98 176)(89 177)(82 172)(81 164)(87 157)(95 151)(123 140)(165 139)(203 149)(233 165))((204 71)(205 107)(196 149)(185 173)(154 214)))
(character (value む)(width 300)(height 300)(strokes((47 77)(159 75))((100 34)(111 152)(108 160)(100 163)(92 159)(88 152)(88 128)(95 112)(103 111)(106 203)(108 211)(114 218)(123 222)(181 225)(215 219)(230 210)(230 176))((211 71)(230 101)))
(character (value め)(width 300)(height 300)(strokes((64 89)(84 187)(104 208)(126 220))((152 72)(152 97)(131 190)(116 211)(92 221)(84 219)(77 214)(73 207)(72 199)(73 189)(90 152)(111 132)(150 108)(178 101)(204 101)(231 107)(246 115)(252 122)(259 139)(260 158)(252 184)(240 199)(218 215)(191 227)(175 230)))
(character (value ら)(width 300)(height 300)(strokes((95 25)(166 77))((95 57)(88 172)(90 164)(100 149)(115 139)(140 129)(203 131)(219 136)(234 148)(237 156)(237 181)(230 196)(224 202)(216 207)(181 214)(139 210)))
(character (value れ)(width 300)(height 300)(strokes((95 48)(82 211))((64 95)(122 87)(75 193)(79 185)(124 127)(160 101)(168 98)(200 106)(207 110)(211 118)(212 143)(200 195)(202 203)(211 203)(219 201)(233 192)(246 177)))
(character (value を)(width 300)(height 300)(strokes((65 78)(162 79))((132 25)(82 134)(90 128)(117 115)(162 113)(180 119)(187 125)(197 140)(198 156)(194 165)(164 200))((219 110)(184 120)(152 137)(124 161)(115 186)(115 194)(126 209)(142 221)(159 227)(207 228)))
(character (value あ)(width 300)(height 300)(strokes((51 109)(44 113)(138 94)(174 78))((102 39)(113 170)(145 244))((149 115)(157 138)(157 147)(129 226)(121 230)(113 230)(96 223)(90 217)(89 201)(91 192)(96 182)(111 164)(145 150)(168 147)(194 149)(200 156)(204 165)(207 195)(205 204)(187 237)(180 243)))
(character (value も)(width 300)(height 300)(strokes((54 61)(175 125))((52 126)(178 188))((118 33)(90 137)(89 155)(98 203)(103 210)(120 218)(183 223)(191 221)(205 206)(218 165)(217 156)))
(character (value お)(width 300)(height 300)(strokes((76 82)(61 74)(68 79)(80 84)(170 85)(200 74))((156 49)(122 200)(111 213)(104 209)(74 182)(70 174)(68 166)(69 158)(83 146)(95 141)(155 132)(212 139)(219 143)(222 151)(222 161)(198 210)(190 212)(183 207)(177 199)(173 187))((192 67)(236 120)(243 125)))
(character (value り)(width 300)(height 300)(strokes((119 57)(100 170)(147 136))((155 78)(161 72)(180 73)(200 95)(202 124)(173 216)))
(character (value い)(width 300)(height 300)(strokes((77 63)(122 226)(147 249)(156 247)(158 235))((174 81)(196 100)(210 135)(217 175)(214 204)))
(character (value や)(width 300)(height 300)(strokes((48 92)(145 63)(165 62)(223 83)(237 94)(239 102)(238 118)(234 126)(160 157)))
(character (value う)(width 300)(height 300)(strokes((107 48)(143 55)(200 88))((114 119)(141 89)(152 86)(171 85)(178 89)(186 97)(201 130)(203 139)(202 148)(187 187)(139 244)))
(character (value ゆ)(width 300)(height 300)(strokes((82 76)(75 162)(152 100)(164 96)(182 95)(190 99)(198 107)(212 146)(214 189)(211 198)(202 201)(142 192))((175 57)(177 175)(170 207)(164 216)(150 226)))
(character (value え)(width 300)(height 300)(strokes((103 34)(162 79))((101 100)(91 103)(155 103)(157 111)(155 121)(105 202)(103 210)(112 195)(138 172)(157 163)(164 167)(168 205)(172 213)(180 216)(190 212)(216 187)(238 155)))
(character (value よ)(width 300)(height 300)(strokes((130 86)(138 90)(214 94)(222 98))((152 49)(140 76)(127 182)(115 207)(109 214)(101 216)(92 216)(84 212)(81 203)(82 185)(87 176)(105 155)(112 150)(159 148)(167 152)(213 207)))
(character (value か)(width 300)(height 300)(strokes((80 106)(98 119)(166 109)(175 114)(181 121)(190 138)(192 148)(184 210)(171 233)(163 232)(152 214)(144 192))((143 52)(145 90)(143 104)(98 207))((181 70)(190 69)(211 97)(219 102)(229 104)))
(character (value る)(width 300)(height 300)(strokes((89 63)(177 62)(185 65)(182 75)(172 94)(112 162)(145 142)(181 131)(189 131)(198 135)(205 143)(213 157)(215 174)(210 192)(197 207)(182 216)(165 217)(140 209)(136 201)(139 193)(146 186)(155 184)(164 184)(178 194)(183 201)))
(character (value き)(width 300)(height 300)(strokes((82 79)(113 89)(152 89)(206 70))((99 128)(188 116)(223 100))((113 50)(131 97)(170 151)(172 160)(176 168)(156 158)(135 153)(127 153))((99 170)(88 202)(90 212)(99 230)(106 238)(158 262)(182 264)(192 261)(198 253)))
(character (value ろ)(width 300)(height 300)(strokes((71 76)(180 78)(188 80)(190 88)(98 157)(132 143)(178 140)(187 143)(196 158)(200 194)(195 211)(189 218)(180 222)(171 224)(162 224)(143 220)))
(character (value く)(width 300)(height 300)(strokes((193 50)(100 153)(100 161)(172 237)))
(character (value わ)(width 300)(height 300)(strokes((86 71)(85 217))((57 105)(47 101)(108 82)(115 78)(116 87)(102 118)(49 185)(97 149)(151 123)(159 122)(168 123)(205 141)(210 149)(215 166)(214 185)(209 201)(200 215)(193 219)(176 220)(167 218)(159 213)))
(character (value け)(width 300)(height 300)(strokes((73 53)(66 212)(76 227)(104 249)(134 188))((131 97)(185 112)(243 116))((202 46)(167 214)(162 222)(155 228)))
(character (value こ)(width 300)(height 300)(strokes((108 76)(189 73)(223 86)(230 91)(230 99)(222 117)(209 131)(202 135)(193 138)(185 139))((105 191)(111 218)(118 223)(141 231)(192 236)(212 229)(220 224)))
(character (value ん)(width 300)(height 300)(strokes((119 48)(77 187)(87 182)(116 155)(124 152)(132 156)(155 192)(163 199)(172 201)(180 198)(225 151)))
(character (value さ)(width 300)(height 300)(strokes((90 81)(98 95)(95 103)(105 107)(198 79))((122 48)(169 162)(102 154))((94 180)(112 225)(149 234)(194 233)(203 231)))
(character (value し)(width 300)(height 300)(strokes((117 60)(118 191)(123 210)(131 216)(149 223)(157 224)(178 219)(236 168)))
(character (value す)(width 300)(height 300)(strokes((62 93)(182 90)(190 87))((149 59)(158 62)(161 76)(151 173)(147 181)(139 187)(130 185)(123 179)(118 172)(116 163)(119 154)(128 148)(138 145)(157 144)(161 151)(153 197)(144 214)(124 235)))
(character (value せ)(width 300)(height 300)(strokes((66 121)(197 94))((192 60)(175 169)(168 187)(159 190)(143 180))((118 71)(114 162)(121 189)(125 196)(139 210)(157 211)(212 201)))
(character (value そ)(width 300)(height 300)(strokes((88 74)(193 76)(185 85)(106 142)(205 123)(196 126)(152 154)(145 163)(141 173)(140 194)(143 203)(151 210)(158 214)(166 216)(175 216)(184 214)(192 209)(199 200)))
(character (value た)(width 300)(height 300)(strokes((58 90)(81 98)(125 100)(180 89)(194 78))((122 42)(116 116)(94 191)(75 218))((149 137)(179 123)(204 123)(215 126)(229 139)(238 141))((158 193)(172 220)(180 225)(198 228)(247 221)))
(character (value ち)(width 300)(height 300)(strokes((78 97)(126 101)(185 94))((128 54)(96 160)(105 158)(113 154)(174 143)(182 144)(189 150)(207 176)(210 187)(209 206)(202 214)(194 219)(178 223)(169 223)(151 218)(144 212)))
(character (value つ)(width 300)(height 300)(strokes((78 124)(192 100)(200 104)(207 112)(221 147)(220 165)(208 189)(202 196)(193 200)(166 203)(132 191)))
(character (value て)(width 300)(height 300)(strokes((64 108)(90 116)(106 116)(189 92)(205 92)(199 102)(142 153)(136 161)(133 170)(133 195)(135 203)(141 211)(148 216)(182 223)(192 222)(201 218)))
(character (value と)(width 300)(height 300)(strokes((91 79)(92 92)(109 127)(120 141))((203 69)(112 159)(104 175)(101 191)(102 208)(106 216)(113 221)(121 224)(215 224)))
(character (value な)(width 300)(height 300)(strokes((84 100)(221 94))((145 58)(133 119)(101 178)(95 184))((208 94)(216 96)(244 130))((194 126)(168 227)(161 232)(153 235)(144 234)(137 230)(132 223)(133 215)(137 208)(155 197)(174 191)(184 190)(193 192)(219 222)))
(character (value に)(width 300)(height 300)(strokes((101 51)(85 87)(80 127)(90 202)(96 209)(122 177))((161 69)(173 62)(189 64)(236 99))((167 165)(195 198)(203 201)(231 204)(240 202)(247 198)(255 191)))
(character (value ぬ)(width 300)(height 300)(strokes((65 77)(60 114)(82 180)(110 217)(118 221)(152 228))((144 68)(140 109)(104 199)(97 205)(88 207)(80 207)(72 204)(70 193)(71 184)(82 160)(94 147)(152 112)(178 113)(187 117)(195 123)(205 138)(208 147)(208 155)(204 172)(196 188)(185 201)(163 214)(155 212)(150 204)(151 196)(159 191)(178 189)(186 191)(236 219)))
(character (value ね)(width 300)(height 300)(strokes((79 60)(71 195))((73 82)(64 82)(74 84)(95 80)(103 81)(104 90)(48 175)(140 111)(158 105)(182 105)(196 114)(216 143)(215 152)(197 189)(184 203)(168 213)(160 213)(145 206)(141 199)(142 190)(149 182)(156 178)(168 175)(180 176)(188 180)(220 212)))
(character (value の)(width 300)(height 300)(strokes((145 85)(104 196)(98 203)(90 206)(82 205)(75 200)(72 192)(71 182)(73 164)(82 145)(106 115)(119 104)(154 88)(180 84)(188 85)(196 88)(204 94)(226 122)(233 141)(235 158)(228 179)(219 194)(213 200)(181 213)))
(character (value は)(width 300)(height 300)(strokes((81 51)(73 66)(65 109)(68 218)(71 226)(77 234)(84 238)(109 180))((127 77)(161 93)(200 102)(219 102)(236 97)(253 88))((203 48)(183 201)(180 209)(173 213)(165 215)(157 215)(149 212)(143 206)(143 197)(147 189)(155 182)(167 177)(184 174)(200 175)(243 211)))
(character (value ひ)(width 300)(height 300)(strokes((76 73)(133 64)(114 85)(91 139)(88 156)(93 190)(96 198)(110 210)(119 214)(145 217)(163 210)(171 202)(191 167)(197 147)(200 88)(213 122)(219 130)(236 143)(244 146)))
(character (value ふ)(width 300)(height 300)(strokes((136 44)(187 100))((132 80)(163 146)(171 216)(167 223)(158 223)(106 203))((68 197)(113 165))((186 166)(239 208)))
(character (value へ)(width 300)(height 300)(strokes((74 147)(137 114)(146 113)(154 115)(208 152)(261 210)(276 220)))
(character (value ほ)(width 300)(height 300)(strokes((91 64)(80 101)(79 133)(93 210)(109 179)(118 169)(127 163))((146 70)(190 66)(226 76)(235 76))((152 136)(246 139))((189 63)(188 195)(185 203)(178 210)(171 214)(163 216)(155 215)(150 207)(154 197)(161 190)(177 182)(187 180)(195 180)(204 183)(220 197)(231 212)))
(character (value ま)(width 300)(height 300)(strokes((105 68)(208 88))((101 113)(205 135))((169 35)(157 75)(148 188)(141 203)(134 207)(109 207)(101 203)(99 193)(101 185)(107 178)(117 172)(125 170)(144 169)(162 173)(202 196)(208 203)))
(character (value み)(width 300)(height 300)(strokes((77 77)(152 72)(158 80)(158 89)(151 117)(142 134)(129 149)(113 158)(105 160)(97 159)(90 154)(92 146)(100 141)(118 138)(182 149)(214 166)(234 183))((195 123)(178 160)(172 166)))
(character (value む)(width 300)(height 300)(strokes((55 71)(183 81))((114 35)(119 107)(114 128)(109 137)(103 144)(96 149)(89 142)(88 133)(90 125)(97 118)(107 116)(114 120)(120 126)(122 136)(122 144)(119 153)(115 190)(116 199)(122 206)(130 208)(220 206)(228 208)(232 198)(232 152))((217 80)(259 124)))
(character (value め)(width 300)(height 300)(strokes((69 105)(62 101)(64 111)(99 173)(136 214))((139 74)(116 183)(112 191)(99 206)(92 210)(84 210)(77 206)(72 198)(71 190)(72 179)(80 164)(101 146)(194 112)(203 112)(217 120)(242 146)(245 156)(244 174)(241 182)(227 195)(193 213)))
(character (value ら)(width 300)(height 300)(strokes((104 19)(181 63))((103 58)(80 194)(114 152)(130 144)(159 137)(184 140)(202 147)(209 153)(214 161)(220 177)(220 185)(205 210)(197 216)(189 219)(162 221)))
(character (value れ)(width 300)(height 300)(strokes((100 81))((100 51)(99 209))((55 96)(111 85)(121 85)(128 90)(126 98)(93 147)(80 158)(162 103)(170 101)(177 106)(178 124)(172 143)(170 164)(178 184)(185 192)(192 197)(202 197)(237 163)))
(character (value を)(width 300)(height 300)(strokes((50 72)(202 71))((129 37)(93 122)(74 148)(80 142)(117 123)(140 117)(149 117)(159 119)(166 125)(170 134)(171 161))((196 128)(166 136)(158 140)(141 154)(125 174)(117 191)(116 207)(120 214)(128 217)(138 218)(200 206)))
(character (value あ)(width 300)(height 300)(strokes((40 99)(163 74))((106 43)(112 140)(141 210))((168 108)(161 122)(142 194)(132 212)(126 218)(92 234)(84 235)(77 228)(77 219)(99 186)(145 156)(165 148)(190 145)(206 155)(211 162)(211 171)(185 228)))
(character (value も)(width 300)(height 300)(strokes((70 70)(62 67)(149 72))((80 114)(69 119)(65 126)(160 142))((101 35)(79 178)(82 187)(88 195)(96 201)(126 213)(184 216)(201 213)(206 205)(209 157)(207 149)))
(character (value お)(width 300)(height 300)(strokes((56 72)(69 86)(80 89)(176 80))((112 40)(127 151)(111 200)(104 205)(80 202)(80 194)(93 170)(114 150)(134 141)(187 134)(196 138)(204 145)(209 154)(210 171)(197 200)(176 217))((181 88)(205 131)))
(character (value り)(width 300)(height 300)(strokes((112 55)(105 167)(137 146))((188 60)(185 78)(194 154)(192 172)(181 199)(174 208)(153 225)))
(character (value い)(width 300)(height 300)(strokes((58 73)(47 110)(57 140)(121 227)(144 239)(164 202))((194 65)(225 130)(226 138)(225 146)))
(character (value や)(width 300)(height 300)(strokes((76 101)(64 103)(77 104)(123 84)(181 81)(215 96)(221 104)(223 113)(223 121)(216 138)(203 151)(166 156)))
(character (value う)(width 300)(height 300)(strokes((110 33)(185 73))((112 107)(143 89)(179 88)(187 91)(195 97)(204 124)(204 132)(179 193)(166 208)(122 241)))
(character (value ゆ)(width 300)(height 300)(strokes((89 55)(68 170)(171 103)(197 100)(205 105)(223 127)(226 135)(226 144)(223 153)(214 168)(199 179)(181 187)(162 188)(153 185)(145 180))((173 49)(179 98)(150 217)(135 228)))
(character (value え)(width 300)(height 300)(strokes((113 37)(121 45)(172 71))((96 100)(80 98)(88 100)(143 93)(152 95)(159 99)(156 108)(100 198)(105 190)(122 173)(133 167)(143 164)(170 163)(174 172)(175 206)(182 213)(192 216)(201 215)(209 211)(254 169)))
(character (value よ)(width 300)(height 300)(strokes((140 85)(216 96))((152 48)(125 193)(115 207)(108 213)(100 214)(91 213)(84 207)(81 199)(86 182)(97 169)(104 165)(142 162)(179 173)(192 184)(199 193)(202 201)))
(character (value か)(width 300)(height 300)(strokes((66 116)(76 112)(188 110)(196 113)(201 122)(201 139)(181 216)(174 221)(167 217)(161 211)(157 202)(155 192)(155 183))((152 57)(150 99)(104 211)(98 219))((196 59)(233 88)))
(character (value る)(width 300)(height 300)(strokes((98 56)(195 58)(192 68)(96 169)(113 151)(185 123)(193 123)(201 127)(208 133)(213 140)(215 148)(215 156)(210 174)(193 205)(186 211)(178 215)(153 218)(145 213)(139 205)(137 197)(143 190)(151 189)(160 190)(178 201)(184 208)))
(character (value き)(width 300)(height 300)(strokes((80 91)(178 77)(195 70))((107 127)(214 104))((110 44)(187 160)(157 153)(147 153))((107 181)(93 217)(96 227)(103 235)(121 246)(187 254)(195 253)(202 247)))
(character (value ろ)(width 300)(height 300)(strokes((85 77)(129 66)(160 69)(168 73)(168 82)(87 144)(186 119)(195 123)(207 140)(213 158)(213 185)(200 210)(193 217)(177 220)(149 214)))
(character (value く)(width 300)(height 300)(strokes((189 47)(108 149)(106 157)(111 165)(182 235)))
(character (value わ)(width 300)(height 300)(strokes((89 59)(93 212))((69 96)(116 92)(124 94)(120 104)(77 162)(101 144)(183 119)(192 121)(208 131)(214 137)(227 160)(229 168)(228 185)(224 194)(217 204)(185 227)(175 231)(166 230)(160 223)))
(character (value け)(width 300)(height 300)(strokes((82 50)(66 82)(61 114)(64 188)(76 221)(87 238)(93 244)(101 244)(117 230)(143 196))((137 105)(219 104))((200 50)(176 215)(172 222)(165 228)))
(character (value こ)(width 300)(height 300)(strokes((99 72)(172 69)(189 75)(226 101)(226 109)(222 116)(216 122)(202 131)(183 135))((109 184)(110 201)(119 211)(143 218)(228 221)))
(character (value ん)(width 300)(height 300)(strokes((112 52)(74 193)(101 163)(113 155)(137 148)(147 148)(151 155)(148 173)(149 183)(155 190)(174 191)(212 178)(219 173)))
(character (value さ)(width 300)(height 300)(strokes((89 98)(223 90))((136 50)(196 152)(197 161)(187 164)(149 152))((112 178)(99 224)(120 236)(214 250)))
(character (value し)(width 300)(height 300)(strokes((121 56)(112 139)(123 226)(130 232)(139 234)(160 233)(190 221)(234 181)))
(character (value す)(width 300)(height 300)(strokes((69 88)(214 96))((149 41)(162 67)(162 92)(148 162)(144 171)(136 167)(133 159)(133 151)(137 143)(145 137)(154 135)(162 136)(169 142)(169 152)(147 210)(133 226)))
(character (value せ)(width 300)(height 300)(strokes((62 126)(190 104)(217 93))((181 58)(193 93)(193 106)(171 174)(164 170))((107 74)(120 187)(124 194)(132 201)(141 205)(184 211)(208 200)))
(character (value そ)(width 300)(height 300)(strokes((74 85)(179 71)(174 80)(89 137)(161 120)(226 120)(151 153)(144 163)(143 181)(147 190)(154 197)(163 203)(172 206)(181 206)))
(character (value た)(width 300)(height 300)(strokes((66 114)(179 104))((126 58)(81 204))((147 138)(155 135)(186 134)(214 141))((150 199)(155 219)(227 225)(237 223)))
(character (value ち)(width 300)(height 300)(strokes((82 89)(98 90)(180 73))((140 43)(94 160)(102 161)(166 139)(176 139)(186 143)(193 150)(206 192)(205 203)(198 218)(188 225)(178 228)(170 228)(150 220)))
(character (value つ)(width 300)(height 300)(strokes((69 123)(207 98)(215 101)(231 123)(235 139)(235 147)(219 181)(205 191)(188 196)(170 197)(144 193)))
(character (value て)(width 300)(height 300)(strokes((89 110)(187 82)(183 89)(121 146)(113 163)(110 188)(113 196)(119 204)(134 212)(200 226)))
(character (value と)(width 300)(height 300)(strokes((89 60)(128 127))((207 76)(195 80)(116 153)(106 178)(106 186)(108 196)(114 203)(122 208)(143 215)(218 220)))
(character (value な)(width 300)(height 300)(strokes((83 97)(157 89)(175 92))((135 47)(127 115)(102 172)(97 179))((175 120)(195 121)(220 132))((180 135)(181 182)(176 208)(171 215)(163 221)(154 223)(145 223)(138 217)(137 209)(139 201)(148 194)(165 192)(174 194)(231 230)))
(character (value に)(width 300)(height 300)(strokes((95 57)(84 93)(91 182)(96 200)(107 179)(115 169))((165 82)(195 76)(212 87)(218 94))((171 188)(190 201)(239 195)(247 192)(254 187)))
(character (value ぬ)(width 300)(height 300)(strokes((72 98)(69 129)(103 194)(124 215)(151 229))((167 74)(161 67)(154 72)(145 147)(132 184)(121 198)(98 210)(81 209)(76 200)(76 192)(80 181)(98 159)(118 146)(191 121)(200 120)(206 128)(209 149)(206 166)(196 186)(174 211)(165 216)(157 216)(148 214)(141 210)(141 200)(149 192)(158 187)(179 184)(188 186)(195 190)(213 213)))
(character (value ね)(width 300)(height 300)(strokes((80 46)(69 220))((55 86)(102 88)(110 91)(58 155)(66 147)(184 104)(193 108)(212 128)(216 136)(217 145)(216 156)(205 182)(199 189)(178 204)(152 208)(148 201)(150 192)(156 184)(163 179)(171 176)(180 175)(188 177)(215 202)(222 206)))
(character (value の)(width 300)(height 300)(strokes((152 78)(144 80)(136 121)(118 163)(108 177)(93 187)(84 184)(77 179)(70 170)(69 160)(71 150)(102 113)(117 101)(170 84)(195 84)(203 88)(216 102)(225 129)(225 147)(223 156)(203 189)(187 203)(180 207)))
(character (value は)(width 300)(height 300)(strokes((77 48)(83 221)(87 228)(98 205))((128 96)(246 92))((194 49)(203 134)(191 195)(181 209)(174 213)(165 215)(155 215)(145 210)(139 203)(138 193)(152 177)(164 171)(177 168)(188 168)(198 171)(215 186)(226 202)(233 207)))
(character (value ひ)(width 300)(height 300)(strokes((74 83)(144 59)(135 63)(122 78)(90 157)(89 175)(91 184)(102 201)(110 205)(118 207)(134 206)(152 196)(178 173)(193 148)(197 109)(193 84)(209 127)(225 142)(232 146)(240 148)))
(character (value ふ)(width 300)(height 300)(strokes((138 44)(179 86))((141 102)(139 94)(177 163)(180 199)(178 207)(170 212)(127 200))((66 209)(118 194))((201 170)(234 205)(226 210)(217 210)))
(character (value へ)(width 300)(height 300)(strokes((64 160)(137 101)(145 97)(154 98)(162 102)(247 183)))
(character (value ほ)(width 300)(height 300)(strokes((90 58)(86 216)(94 217)(108 197))((145 64)(225 69))((166 119)(220 114)(239 116))((198 55)(193 177)(188 195)(179 209)(173 215)(165 217)(156 216)(151 208)(148 192)(151 184)(157 177)(166 172)(176 172)(186 175)(237 211)))
(character (value ま)(width 300)(height 300)(strokes((96 76)(188 89))((111 117)(185 124)(194 127))((146 55)(138 87)(135 196)(129 212)(121 215)(113 215)(104 212)(98 204)(97 194)(100 186)(107 180)(156 180)(189 196)(202 208)(207 215)))
(character (value み)(width 300)(height 300)(strokes((81 87)(120 69)(148 65)(148 73)(126 135)(108 164)(95 177)(87 177)(83 168)(82 160)(85 150)(92 142)(102 137)(112 135)(169 141)(181 146)(247 191))((198 117)(187 157)(175 174)))
(character (value む)(width 300)(height 300)(strokes((54 74)(186 93))((113 34)(121 72)(109 150)(105 158)(90 145)(87 137)(91 129)(98 123)(106 120)(114 120)(122 124)(123 133)(117 162)(117 180)(124 195)(207 220)(224 220)(231 176))((220 95))((220 95)(218 70)(237 117)))
(character (value め)(width 300)(height 300)(strokes((68 87)(112 200)(134 220))((150 64)(139 123)(105 201)(96 206)(88 208)(80 207)(78 198)(78 188)(86 164)(101 144)(110 137)(175 114)(193 114)(202 117)(209 122)(219 138)(223 172)(218 190)(207 207)(200 214)(191 220)))
(character (value ら)(width 300)(height 300)(strokes((116 49)(114 40)(170 74))((107 70)(91 145)(180 115)(190 114)(198 115)(211 126)(220 141)(223 159)(214 215)(203 229)(195 232)(171 231)(147 220)))
(character (value れ)(width 300)(height 300)(strokes((103 43)(85 215))((75 82)(116 83)(125 85)(126 95)(73 162)(105 134)(170 102)(178 101)(186 102)(188 111)(180 142)(179 162)(185 190)(192 196)(201 195)(246 162)(255 159)))
(character (value を)(width 300)(height 300)(strokes((66 73)(169 80))((130 34)(87 133)(130 122)(153 124)(170 132)(176 140)(179 148)(178 173))((213 120)(210 112)(197 115)(142 153)(131 169)(125 196)(129 205)(138 212)(148 217)(236 223)))
